pecas_posicionadas = [[(497.8, 25.0), (495.6, 353.5), (40.5, 342.29999999999995), (24.999999999999996, 124.39999999999998), (240.0, 28.80000000000001)], [(133.29999999999998, 369.6), (347.29999999999995, 389.4), (353.9, 844.2), (25.0, 841.8), (33.099999999999966, 588.7)], [(1424.6, 25.0), (1700.8999999999999, 35.60000000000002), (1748.6999999999998, 146.3), (1769.8, 264.8), (1731.6999999999998, 450.8999999999999), (1507.6, 423.8999999999999), (1418.3, 327.3999999999999), (1376.6999999999998, 194.90000000000003), (1372.1, 128.40000000000003)], [(25.0, 1294.3), (35.4, 870.4000000000001), (334.4, 869.1), (329.3, 1292.6)], [(33.9, 1767.1999999999998), (25.0, 1343.1), (325.70000000000005, 1346.3999999999999), (333.50000000000006, 1769.8)], [(1769.8000000000002, 1350.2), (1762.6000000000001, 1768.5), (1463.7, 1769.8000000000002), (1468.1000000000001, 1350.3)], [(653.4000000000001, 1769.8), (358.40000000000003, 1764.6), (354.1, 1345.1), (651.3, 1346.3999999999999)], [(359.4, 873.2), (643.5, 891.5), (651.4, 1321.1), (367.0, 1320.2)], [(696.8, 1399.4), (1025.8, 1420.8000000000002), (1003.3, 1669.1000000000001), (901.4, 1769.8000000000002), (678.3, 1752.5)], [(533.3000000000001, 391.3), (522.7, 33.400000000000034), (816.5, 25.0), (829.2, 378.3)], [(1100.8000000000002, 1769.8), (1037.9, 1689.2), (1046.9, 1465.1), (1069.6000000000001, 1426.0), (1117.7, 1417.8), (1430.2, 1527.2), (1422.5, 1697.0)], [(1454.5, 1150.1), (1442.1999999999998, 1365.3), (1414.8, 1391.1), (1141.8, 1399.6999999999998), (1158.8999999999999, 1146.1)], [(1086.8, 282.0), (927.1999999999999, 281.9), (849.2, 239.1), (848.9, 113.6), (903.9, 25.0), (1114.4, 66.9), (1172.9, 156.0), (1171.7, 235.9)], [(1360.6, 503.5), (1196.8, 497.9), (1197.2, 202.6), (1354.5, 207.69999999999996)], [(375.0, 574.3), (381.9, 414.9), (606.9, 417.0), (600.7, 578.5999999999999)], [(1762.4, 707.7), (1697.6000000000001, 705.5), (1614.2, 497.0), (1618.7, 475.70000000000005), (1650.7, 466.3), (1769.8, 501.1)]]

area_corte_vertices = ([0, 0], [1794.848572999962, 0], [1794.848572999962, 1794.848572999962], [0, 1794.848572999962])
