pecas_posicionadas = [[(25.0, 1599.230017528995), (29.3, 1395.530017528995), (790.8, 1238.030017528995), (785.4, 1603.730017528995)], [(915.3000000000001, 63.7), (940.2, 36.9), (1574.7, 25.0), (1600.8000000000002, 53.3), (1603.7, 161.8), (1578.7, 187.7), (940.1, 210.59999999999997), (915.1, 186.1)], [(895.1, 1293.7), (807.0, 1219.0), (798.4, 870.8), (818.9, 851.8), (1040.2, 851.0), (1060.0, 872.2), (1054.0, 1220.5), (992.5, 1281.6)], [(25.0, 238.3), (25.7, 109.0), (62.3, 27.69999999999999), (249.4, 25.0), (447.8, 114.6), (443.1, 225.9), (266.8, 325.7), (60.4, 324.9)], [(444.3, 605.6), (66.5, 553.0), (25.0, 525.4000000000001), (25.5, 374.20000000000005), (68.19999999999999, 349.90000000000003), (447.6, 351.90000000000003), (470.9, 376.70000000000005), (472.7, 565.3)], [(1487.2, 1603.6999999999998), (1464.8, 1013.9), (1486.8, 991.8), (1603.7, 991.9), (1596.8, 1602.6999999999998)], [(766.0, 654.9), (768.8, 28.600000000000023), (890.9, 25.0), (880.6, 655.6)], [(1451.7, 1328.8), (1449.7, 1601.4), (1250.4, 1603.7), (1177.5, 1533.3), (1176.7, 1399.0), (1248.3, 1326.7)], [(226.2, 989.9000000000001), (25.0, 985.4000000000001), (30.799999999999983, 590.2), (184.2, 594.6)], [(1603.2, 570.8), (1579.4, 593.1), (1449.5, 594.3), (1407.2, 569.2), (1428.8, 242.10000000000002), (1454.5, 217.2), (1579.1000000000001, 217.2), (1603.7, 241.10000000000002)], [(1177.8, 1225.1), (1079.0, 1220.9), (1100.1, 605.2), (1181.1, 610.9)], [(588.9, 30.1), (743.9, 25.0), (720.9, 489.0), (636.8, 490.4)], [(1602.7, 621.8000000000001), (1603.7, 785.8), (1310.4, 774.7), (1308.4, 617.1)], [(1293.3, 1009.6), (1439.8, 1013.6), (1445.7, 1303.7), (1289.5, 1300.7)], [(30.3, 1014.3), (152.9, 1017.1999999999999), (171.6, 1340.6), (25.0, 1337.9)], [(773.4, 869.6999999999999), (766.5, 1029.0), (541.5, 1026.9), (547.7, 865.4)], [(1397.3, 226.60000000000002), (1395.4, 368.6), (1314.4, 449.8), (1273.2, 450.90000000000003), (1288.2, 223.10000000000002)], [(1139.0, 448.70000000000005), (1140.9, 306.6), (1221.9, 225.5), (1263.1, 224.4), (1248.1, 452.1)]]

area_corte_vertices = ([0, 0], [1628.730017528995, 0], [1628.730017528995, 1628.730017528995], [0, 1628.730017528995])
