pecas_posicionadas = [[(837.930017528995, 1599.230017528995), (842.230017528995, 1395.530017528995), (1603.730017528995, 1238.030017528995), (1598.330017528995, 1603.730017528995)], [(820.4, 687.8000000000001), (847.2, 712.7), (859.1, 1347.2), (830.8, 1373.3000000000002), (722.3, 1376.2), (696.4, 1351.2), (673.5, 712.6), (698.0, 687.6)], [(189.90000000000003, 1161.0), (278.00000000000006, 1235.7), (286.6, 1583.9), (266.1, 1602.9), (44.80000000000001, 1603.6999999999998), (25.0, 1582.5), (31.000000000000057, 1234.2), (92.50000000000004, 1173.1)], [(1093.5, 1318.0), (964.2, 1317.3000000000002), (882.9000000000001, 1280.7), (880.2, 1093.6000000000001), (969.8000000000001, 895.2), (1081.1000000000001, 899.9000000000001), (1180.9, 1076.2), (1180.1, 1282.6)], [(566.7, 1184.4), (514.1, 1562.2), (486.5, 1603.7), (335.29999999999995, 1603.2), (311.0, 1560.5), (313.0, 1181.1), (337.79999999999995, 1157.8000000000002), (526.4, 1156.0)], [(1603.6999999999998, 141.5), (1013.9, 163.89999999999998), (991.8, 141.89999999999998), (991.9, 25.0), (1602.6999999999998, 31.900000000000006)], [(25.0, 1141.4), (27.8, 515.1), (149.9, 511.5), (139.6, 1142.1)], [(1603.7, 940.5), (1601.7, 1213.1), (1402.4, 1215.4), (1329.5, 1145.0), (1328.7, 1010.6999999999999), (1400.3, 938.4)], [(25.0, 490.3), (29.5, 289.1), (424.7, 294.9), (420.3, 448.3)], [(1228.1, 688.4), (1250.4, 712.1999999999999), (1251.6, 842.0999999999999), (1226.5, 884.4), (899.4000000000001, 862.8), (874.5, 837.0999999999999), (874.5, 712.5), (898.4000000000001, 687.9)], [(1600.3999999999999, 789.5), (1501.6, 785.3), (1522.6999999999998, 169.6), (1603.6999999999998, 175.29999999999993)], [(1342.6, 176.4), (1497.6, 171.3), (1474.6, 635.3), (1390.5, 636.7)], [(962.2, 319.3), (798.2, 320.3), (809.3000000000001, 27.0), (966.9000000000001, 25.0)], [(1192.0, 510.5), (1188.0, 657.0), (897.9, 662.9), (900.9, 506.7)], [(170.0, 811.9), (292.6, 814.8), (311.29999999999995, 1138.2), (164.7, 1135.5)], [(25.0, 184.29999999999998), (31.9, 25.0), (256.90000000000003, 27.099999999999994), (250.7, 188.6)], [(174.0, 672.6), (316.0, 674.5), (397.20000000000005, 755.5), (398.3, 796.7), (170.5, 781.7)], [(698.0, 662.6), (555.9, 660.7), (474.79999999999995, 579.7), (473.7, 538.5), (701.4, 553.5)]]

area_corte_vertices = ([0, 0], [1628.730017528995, 0], [1628.730017528995, 1628.730017528995], [0, 1628.730017528995])
