pecas_posicionadas = [[(1441.348572999962, 1297.048572999962), (1769.848572999962, 1299.248572999962), (1758.648572999962, 1754.348572999962), (1540.748572999962, 1769.848572999962), (1445.148572999962, 1554.848572999962)], [(1549.2, 799.6), (1763.2, 819.4), (1769.8000000000002, 1274.2), (1440.9, 1271.8), (1449.0, 1018.7)], [(992.1, 1588.9), (1002.7, 1312.6000000000001), (1113.4, 1264.8000000000002), (1231.9, 1243.7), (1418.0, 1281.8000000000002), (1391.0, 1505.9), (1294.5, 1595.2), (1162.0, 1636.8000000000002), (1095.5, 1641.4)], [(25.0, 1460.4), (448.9, 1470.8000000000002), (450.2, 1769.8000000000002), (26.7, 1764.7)], [(771.2, 1345.7), (780.1, 1769.8), (479.40000000000003, 1766.5), (471.6, 1343.1)], [(331.1, 25.0), (323.90000000000003, 443.3), (25.0, 444.6), (29.400000000000034, 25.1)], [(447.1, 1443.7), (152.10000000000002, 1438.5), (147.8, 1019.0), (445.0, 1020.3)], [(1227.5, 1219.1), (943.4, 1200.8), (935.5, 771.2), (1219.9, 772.1)], [(43.5, 469.5), (372.5, 490.9), (350.0, 739.2), (248.1, 839.9), (25.0, 822.6)], [(552.1, 918.1), (910.0, 907.5), (918.4000000000001, 1201.3), (565.1, 1214.0)], [(627.0, 554.3), (707.6, 491.4), (931.7, 500.4), (970.8, 523.1), (979.0, 571.1999999999999), (869.6, 883.7), (699.8, 876.0)], [(1245.0, 610.0999999999999), (1029.8, 597.8), (1004.0, 570.4), (995.4, 297.4), (1249.0, 314.49999999999994)], [(1273.9, 474.4), (1274.0, 314.79999999999995), (1316.8000000000002, 236.8), (1442.3000000000002, 236.5), (1530.9, 291.5), (1489.0, 502.0), (1399.9, 560.5), (1320.0, 559.3)], [(517.0, 470.2), (353.2, 464.59999999999997), (353.6, 169.3), (510.9, 174.39999999999998)], [(1610.3999999999999, 554.1), (1769.8, 561.0), (1767.6999999999998, 786.0), (1606.1, 779.8)], [(1769.8000000000002, 32.39999999999999), (1767.6000000000001, 97.19999999999997), (1559.1000000000001, 180.59999999999997), (1537.8000000000002, 176.09999999999997), (1528.4, 144.09999999999997), (1563.2, 24.999999999999986)]]

area_corte_vertices = ([0, 0], [1794.848572999962, 0], [1794.848572999962, 1794.848572999962], [0, 1794.848572999962])
