pecas_posicionadas = [[(1769.848572999962, 497.8), (1441.348572999962, 495.6), (1452.548572999962, 40.5), (1670.448572999962, 24.999999999999996), (1766.048572999962, 240.0)], [(1319.6999999999998, 499.6), (1105.6999999999998, 479.8), (1099.1, 25.0), (1428.0, 27.400000000000034), (1419.8999999999999, 280.5)], [(1424.6, 520.0), (1700.8999999999999, 530.6), (1748.6999999999998, 641.3), (1769.8, 759.8), (1731.6999999999998, 945.8999999999999), (1507.6, 918.8999999999999), (1418.3, 822.3999999999999), (1376.6999999999998, 689.9000000000001), (1372.1, 623.4000000000001)], [(1460.4, 1395.9), (1470.8000000000002, 972.0), (1769.8000000000002, 970.7), (1764.7, 1394.2)], [(1434.3000000000002, 1345.7), (1443.2, 1769.8), (1142.5, 1766.5), (1134.7, 1343.1)], [(1444.8000000000002, 887.8), (1437.6000000000001, 1306.1), (1138.7, 1307.4), (1143.1000000000001, 887.9)], [(814.7, 1338.2), (1109.7, 1343.4), (1114.0, 1762.9), (816.8000000000001, 1761.6000000000001)], [(1080.6, 472.9), (796.5, 454.59999999999997), (788.6, 25.0), (1073.0, 25.899999999999977)], [(354.0, 1769.8000000000002), (25.0, 1748.4), (47.5, 1500.1000000000001), (149.4, 1399.4), (372.5, 1416.7)], [(817.9, 1313.3), (807.3, 955.4000000000001), (1101.1, 947.0), (1113.8, 1300.3)], [(715.4000000000001, 1417.8000000000002), (778.3, 1498.4), (769.3, 1722.5), (746.6, 1761.6000000000001), (698.5, 1769.8000000000002), (386.0, 1660.4), (393.7, 1490.6000000000001)], [(1765.8, 1733.3), (1550.6000000000001, 1721.0), (1524.8, 1693.6), (1516.2, 1420.6), (1769.8, 1437.6999999999998)], [(1347.2, 625.0), (1347.1, 784.6), (1304.3, 862.6), (1178.8, 862.9000000000001), (1090.2, 807.9000000000001), (1132.1000000000001, 597.4000000000001), (1221.2, 538.9000000000001), (1301.1000000000001, 540.1)], [(798.1, 667.3), (803.7, 503.5), (1099.0, 503.9), (1093.9, 661.2)], [(906.8, 690.1), (1066.2, 697.0), (1064.1, 922.0), (902.5, 915.8)], [(873.9000000000001, 924.1999999999999), (809.1, 922.0), (725.7, 713.5), (730.2, 692.1999999999999), (762.2, 682.8), (881.3000000000001, 717.5999999999999)]]

area_corte_vertices = ([0, 0], [1794.848572999962, 0], [1794.848572999962, 1794.848572999962], [0, 1794.848572999962])
