pecas_posicionadas = [[(25.0, 1599.230017528995), (29.3, 1395.530017528995), (790.8, 1238.030017528995), (785.4, 1603.730017528995)], [(63.7, 713.4), (36.89999999999999, 688.4999999999999), (25.0, 54.0), (53.3, 27.899999999999977), (161.8, 25.0), (187.7, 50.0), (210.59999999999997, 688.5999999999999), (186.1, 713.5999999999999)], [(662.4, 189.90000000000003), (587.7, 278.00000000000006), (239.5, 286.6), (220.5, 266.1), (219.7, 44.80000000000001), (240.89999999999998, 25.0), (589.2, 31.000000000000057), (650.3, 92.50000000000004)], [(286.59999999999997, 698.9000000000001), (415.9, 699.6), (497.2, 736.2), (499.9, 923.3000000000001), (410.29999999999995, 1121.7), (299.0, 1117.0), (199.2, 940.7), (200.0, 734.3000000000001)], [(941.8, 53.400000000000034), (889.2, 431.20000000000005), (861.6, 472.70000000000005), (710.4, 472.20000000000005), (686.1, 429.5000000000001), (688.1, 50.10000000000002), (712.9, 26.800000000000068), (901.5, 25.000000000000057)], [(1487.2, 1603.6999999999998), (1464.8, 1013.9), (1486.8, 991.8), (1603.7, 991.9), (1596.8, 1602.6999999999998)], [(1603.7, 25.699999999999932), (1600.8999999999999, 651.9999999999998), (1478.8, 655.5999999999999), (1489.1, 24.999999999999886)], [(231.9, 584.3), (233.9, 311.7), (433.20000000000005, 309.4), (506.1, 379.79999999999995), (506.90000000000003, 514.0999999999999), (435.3, 586.4)], [(1210.2, 1402.5), (1205.7, 1603.7), (810.5, 1597.9), (814.9, 1444.5)], [(1123.8000000000002, 1039.0), (1146.1000000000001, 1062.8), (1147.3000000000002, 1192.7), (1122.2, 1235.0), (795.1000000000001, 1213.4), (770.2, 1187.7), (770.2, 1063.1), (794.1000000000001, 1038.5)], [(662.0, 603.2), (760.8000000000001, 607.4000000000001), (739.7, 1223.1), (658.7, 1217.4)], [(964.5, 30.1), (1119.5, 25.0), (1096.5, 489.0), (1012.4, 490.4)], [(1309.4, 962.2), (1308.4, 798.2), (1601.7, 809.3000000000001), (1603.7, 966.9000000000001)], [(1459.3000000000002, 319.1), (1312.8000000000002, 315.1), (1306.9, 25.0), (1463.1000000000001, 28.0)], [(1237.3, 1277.4), (1359.9, 1280.3000000000002), (1378.6, 1603.7), (1232.0, 1601.0)], [(1130.7, 854.6999999999999), (1123.8, 1014.0), (898.8, 1011.9), (905.0, 850.4)], [(1455.3, 458.9), (1313.3, 457.0), (1232.1, 376.0), (1231.0, 334.8), (1458.8, 349.8)], [(888.7, 739.7), (890.6, 597.5999999999999), (971.6, 516.5), (1012.8000000000001, 515.4), (997.8000000000001, 743.0999999999999)]]

area_corte_vertices = ([0, 0], [1628.730017528995, 0], [1628.730017528995, 1628.730017528995], [0, 1628.730017528995])
