pecas_posicionadas = [[(25.000000000000004, 25.0), (353.5, 27.19999999999999), (342.3, 482.29999999999995), (124.4, 497.79999999999995), (28.800000000000015, 282.79999999999995)], [(1661.5, 1769.8000000000002), (1447.5, 1750.0), (1440.9, 1295.2), (1769.8000000000002, 1297.6000000000001), (1761.7, 1550.7)], [(450.9, 1424.6000000000001), (440.29999999999995, 1700.9), (329.59999999999997, 1748.7), (211.09999999999997, 1769.8000000000002), (25.0, 1731.7), (52.0, 1507.6000000000001), (148.5, 1418.3000000000002), (281.0, 1376.7), (347.5, 1372.1000000000001)], [(1111.6, 1296.6), (1122.0, 872.7), (1421.0, 871.4), (1415.8999999999999, 1294.9)], [(387.4, 449.09999999999997), (378.5, 25.0), (679.2, 28.30000000000001), (687.0, 451.7)], [(784.9, 1296.4), (792.1, 878.0999999999999), (1091.0, 876.8), (1086.6, 1296.3)], [(709.7, 324.3), (714.9000000000001, 29.30000000000001), (1134.4, 25.0), (1133.1, 322.2)], [(1769.8000000000002, 25.0), (1751.5, 309.1), (1321.9, 317.0), (1322.8000000000002, 32.60000000000002)], [(1365.8, 700.0), (1036.8, 678.6), (1059.3, 430.3), (1161.2, 329.6), (1384.3, 346.9)], [(393.6, 1012.8000000000001), (751.5, 1002.2), (759.9000000000001, 1296.0), (406.6, 1308.7)], [(443.79999999999995, 986.3), (380.9, 905.7), (389.9, 681.6), (412.59999999999997, 642.5), (460.7, 634.3), (773.2, 743.7), (765.5, 913.5)], [(1173.5, 1457.1), (1388.7, 1469.3999999999999), (1414.5, 1496.8), (1423.1, 1769.8), (1169.5, 1752.6999999999998)], [(111.1, 522.8), (270.70000000000005, 522.9), (348.7, 565.7), (349.0, 691.2), (294.0, 779.8), (83.5, 737.9), (25.0, 648.8), (26.19999999999999, 568.9)], [(1769.8, 637.7), (1606.0, 632.0999999999999), (1606.4, 336.8), (1763.7, 341.9)], [(1016.6999999999999, 564.3), (1009.8, 723.7), (784.8, 721.6), (791.0, 560.0)], [(463.2, 1762.4), (465.4, 1697.6000000000001), (673.9, 1614.2), (695.2, 1618.7), (704.6, 1650.7), (669.8, 1769.8)]]

area_corte_vertices = ([0, 0], [1794.848572999962, 0], [1794.848572999962, 1794.848572999962], [0, 1794.848572999962])
