pecas_posicionadas = [[(1603.730017528995, 29.5), (1599.430017528995, 233.2), (837.930017528995, 390.7), (843.330017528995, 25.0)], [(1603.5, 1565.0), (1578.6, 1591.8), (944.1, 1603.6999999999998), (918.0, 1575.3999999999999), (915.1, 1466.8999999999999), (940.1, 1441.0), (1578.6999999999998, 1418.1), (1603.6999999999998, 1442.6)], [(467.7, 189.90000000000003), (393.0, 278.00000000000006), (44.80000000000001, 286.6), (25.80000000000001, 266.1), (25.0, 44.80000000000001), (46.19999999999999, 25.0), (394.5, 31.000000000000057), (455.59999999999997, 92.50000000000004)], [(693.3, 447.8), (564.0, 447.1), (482.7, 410.5), (480.0, 223.4), (569.6, 25.0), (680.9, 29.69999999999999), (780.7, 206.0), (779.9, 412.4)], [(929.2, 1184.4), (876.6, 1562.2), (849.0, 1603.7), (697.8, 1603.2), (673.5, 1560.5), (675.5, 1181.1), (700.3, 1157.8000000000002), (888.9, 1156.0)], [(36.7, 1487.2), (626.5, 1464.8), (648.6, 1486.8), (648.5, 1603.7), (37.7, 1596.8)], [(149.9, 831.7), (147.10000000000002, 1457.9999999999998), (25.0, 1461.6), (35.30000000000001, 831.0)], [(299.9, 807.8), (27.30000000000001, 805.8), (25.0, 606.5), (95.39999999999995, 533.5999999999999), (229.69999999999993, 532.8), (301.99999999999994, 604.4)], [(25.0, 512.5999999999999), (29.5, 311.4), (424.7, 317.19999999999993), (420.3, 470.59999999999997)], [(1250.1, 1392.6), (1227.8, 1368.8), (1226.6, 1238.8999999999999), (1251.6999999999998, 1196.6), (1578.8, 1218.1999999999998), (1603.6999999999998, 1243.8999999999999), (1603.6999999999998, 1368.5), (1579.8, 1393.1)], [(175.4, 834.1), (274.2, 838.3000000000001), (253.1, 1454.0), (172.1, 1448.3000000000002)], [(433.2, 1447.1), (278.2, 1452.1999999999998), (301.2, 988.1999999999999), (385.29999999999995, 986.8)], [(462.5, 1147.9), (626.5, 1146.9), (615.4, 1440.2), (457.8, 1442.2)], [(326.7, 669.5), (473.2, 673.5), (479.09999999999997, 963.6), (322.9, 960.6)], [(1598.3999999999999, 1189.2), (1475.8, 1186.3), (1457.1, 862.9), (1603.6999999999998, 865.5999999999999)], [(1171.8, 1248.6), (1164.9, 1407.8999999999999), (939.9, 1405.8), (946.1, 1244.3)], [(507.6, 634.4000000000001), (365.6, 632.5), (284.4, 551.5), (283.3, 510.30000000000007), (511.1, 525.3000000000001)], [(425.29999999999995, 987.9000000000001), (567.4, 989.8000000000001), (648.5, 1070.8000000000002), (649.5999999999999, 1112.0), (421.9, 1097.0)]]

area_corte_vertices = ([0, 0], [1628.730017528995, 0], [1628.730017528995, 1628.730017528995], [0, 1628.730017528995])
