pecas_posicionadas = [[(790.8, 29.5), (786.5, 233.2), (25.0, 390.7), (30.399999999999977, 25.0)], [(713.4, 1565.0), (688.4999999999999, 1591.8), (54.0, 1603.6999999999998), (27.899999999999977, 1575.3999999999999), (25.0, 1466.8999999999999), (50.0, 1441.0), (688.5999999999999, 1418.1), (713.5999999999999, 1442.6)], [(467.7, 1315.6000000000001), (393.0, 1403.7), (44.80000000000001, 1412.3000000000002), (25.80000000000001, 1391.8000000000002), (25.0, 1170.5), (46.19999999999999, 1150.7), (394.5, 1156.7), (455.59999999999997, 1218.2)], [(1161.3, 1390.3999999999999), (1160.6, 1519.6999999999998), (1124.0, 1601.0), (936.9, 1603.6999999999998), (738.5, 1514.1), (743.2, 1402.8), (919.5, 1303.0), (1125.9, 1303.8)], [(749.9, 1023.0999999999999), (1127.7, 1075.7), (1169.2, 1103.3), (1168.7, 1254.5), (1126.0, 1278.8), (746.5999999999999, 1276.8), (723.3, 1252.0), (721.5, 1063.4)], [(1487.2, 1603.6999999999998), (1464.8, 1013.9), (1486.8, 991.8), (1603.7, 991.9), (1596.8, 1602.6999999999998)], [(1440.0, 973.8), (1437.1999999999998, 1600.1), (1315.1, 1603.6999999999998), (1325.3999999999999, 973.0999999999999)], [(815.8000000000001, 25.0), (1088.4, 27.0), (1090.7, 226.3), (1020.3000000000001, 299.2), (886.0, 300.0), (813.7, 228.4)], [(496.3, 993.5), (697.5, 998.0), (691.7, 1393.2), (538.3, 1388.8)], [(25.5, 772.2), (49.3, 749.9000000000001), (179.2, 748.7), (221.5, 773.8000000000001), (199.9, 1100.9), (174.2, 1125.8000000000002), (49.6, 1125.8000000000002), (25.0, 1101.9)], [(1281.7, 1603.6999999999998), (1182.9, 1599.5), (1204.0, 983.8), (1285.0, 989.4999999999999)], [(1118.3999999999999, 180.0), (1113.3, 25.0), (1577.3, 48.0), (1578.6999999999998, 132.10000000000002)], [(29.7, 415.2), (193.7, 414.2), (182.6, 707.5), (25.0, 709.5)], [(1599.9, 465.0), (1453.4, 461.0), (1447.5, 170.9), (1603.7, 173.9)], [(1598.3999999999999, 813.7), (1475.8, 810.8), (1457.1, 487.4), (1603.6999999999998, 490.09999999999997)], [(472.20000000000005, 971.8), (465.3, 1131.1), (240.3, 1129.0), (246.50000000000003, 967.5)], [(969.2, 837.0), (1111.2, 838.9000000000001), (1192.4, 919.9000000000001), (1193.5, 961.1), (965.7, 946.1)], [(1600.3, 958.5999999999999), (1458.2, 956.6999999999999), (1377.1, 875.6999999999999), (1376.0, 834.5), (1603.7, 849.5)]]

area_corte_vertices = ([0, 0], [1628.730017528995, 0], [1628.730017528995, 1628.730017528995], [0, 1628.730017528995])
