pecas_posicionadas = [[(1603.730017528995, 29.5), (1599.430017528995, 233.2), (837.930017528995, 390.7), (843.330017528995, 25.0)], [(1603.5, 1565.0), (1578.6, 1591.8), (944.1, 1603.6999999999998), (918.0, 1575.3999999999999), (915.1, 1466.8999999999999), (940.1, 1441.0), (1578.6999999999998, 1418.1), (1603.6999999999998, 1442.6)], [(796.3, 1161.0), (884.4000000000001, 1235.7), (893.0, 1583.9), (872.5, 1602.9), (651.2, 1603.6999999999998), (631.4, 1582.5), (637.4000000000001, 1234.2), (698.9, 1173.1)], [(608.2, 1390.3999999999999), (607.5, 1519.6999999999998), (570.9, 1601.0), (383.8, 1603.6999999999998), (185.4, 1514.1), (190.1, 1402.8), (366.4, 1303.0), (572.8000000000001, 1303.8)], [(1348.0, 1366.5), (1400.6, 988.7), (1428.2, 947.2), (1579.4, 947.7), (1603.7, 990.4000000000001), (1601.7, 1369.8000000000002), (1576.9, 1393.1), (1388.3, 1394.9)], [(47.4, 1603.6999999999998), (25.0, 1013.9), (47.0, 991.8), (163.9, 991.9), (157.0, 1602.6999999999998)], [(1603.7, 292.5), (1600.8999999999999, 918.7999999999998), (1478.8, 922.4), (1489.1, 291.79999999999995)], [(540.5, 25.0), (813.0999999999999, 27.0), (815.4, 226.3), (745.0, 299.2), (610.6999999999999, 300.0), (538.4, 228.4)], [(913.9, 1418.6000000000001), (918.4, 1217.4), (1313.6, 1223.2), (1309.2, 1376.6000000000001)], [(1457.9, 672.4000000000001), (1434.1000000000001, 694.7), (1304.2, 695.9000000000001), (1261.9, 670.8), (1283.5, 343.70000000000005), (1309.2, 318.8), (1433.8000000000002, 318.8), (1458.4, 342.70000000000005)], [(28.3, 347.0), (127.1, 351.2), (106.0, 966.9), (25.0, 961.2)], [(1449.5, 718.2), (1454.6, 873.2), (990.6, 850.2), (989.2, 766.1)], [(29.7, 26.0), (193.7, 25.0), (182.6, 318.3), (25.0, 320.3)], [(221.4, 177.39999999999998), (225.4, 30.899999999999977), (515.5, 25.0), (512.5, 181.2)], [(1236.6, 689.3), (1114.0, 686.4000000000001), (1095.3, 363.0), (1241.8999999999999, 365.7)], [(1373.2, 894.1999999999999), (1366.3, 1053.5), (1141.3, 1051.4), (1147.5, 889.9)], [(308.9, 1130.5), (307.0, 1272.5), (226.0, 1353.7), (184.8, 1354.8000000000002), (199.8, 1127.0)], [(1121.6, 1076.1), (1263.7, 1078.0), (1344.8, 1159.0), (1345.9, 1200.1999999999998), (1118.2, 1185.1999999999998)]]

area_corte_vertices = ([0, 0], [1628.730017528995, 0], [1628.730017528995, 1628.730017528995], [0, 1628.730017528995])
