pecas_posicionadas = [[(25.000000000000004, 1297.048572999962), (353.5, 1299.248572999962), (342.3, 1754.348572999962), (124.4, 1769.848572999962), (28.800000000000015, 1554.848572999962)], [(1295.2, 245.6), (1315.0, 31.599999999999994), (1769.8000000000002, 25.0), (1767.4, 353.9), (1514.3, 345.8)], [(793.8, 1424.6000000000001), (783.1999999999999, 1700.9), (672.5, 1748.7), (554.0, 1769.8000000000002), (367.9, 1731.7), (394.9, 1507.6000000000001), (491.4, 1418.3000000000002), (623.9, 1376.7), (690.4, 1372.1000000000001)], [(1769.8, 1769.8000000000002), (1345.8999999999999, 1759.4), (1344.6, 1460.4), (1768.1, 1465.5)], [(1760.9, 1016.1), (1769.8, 1440.2), (1469.1, 1436.9), (1461.3, 1013.5)], [(1121.3000000000002, 1350.2), (1114.1000000000001, 1768.5), (815.2, 1769.8000000000002), (819.6000000000001, 1350.3)], [(1769.8, 802.3), (1474.8, 797.1), (1470.5, 377.6), (1767.7, 378.90000000000003)], [(1152.1, 987.8), (1436.1999999999998, 1006.0999999999999), (1444.1, 1435.6999999999998), (1159.6999999999998, 1434.8)], [(1127.1999999999998, 996.2), (1105.8, 1325.2), (857.5, 1302.7), (756.8, 1200.8000000000002), (774.0999999999999, 977.7)], [(368.1, 1062.3), (726.0, 1051.7), (734.4000000000001, 1345.5), (381.1, 1358.2)], [(1474.7, 910.0), (1394.1, 972.9000000000001), (1170.0, 963.9000000000001), (1130.9, 941.2), (1122.7, 893.1000000000001), (1232.1000000000001, 580.6), (1401.9, 588.3)], [(25.0, 1270.0), (37.3, 1054.8), (64.7, 1029.0), (337.7, 1020.4), (320.6, 1274.0)], [(1207.1999999999998, 305.7), (1366.8, 305.8), (1444.8, 348.6), (1445.1, 474.1), (1390.1, 562.6999999999999), (1179.6, 520.8), (1121.1, 431.7), (1122.3, 351.8)], [(1155.9, 1468.9), (1319.7, 1474.5), (1319.3000000000002, 1769.8000000000002), (1162.0, 1764.7)], [(1769.8000000000002, 827.5999999999999), (1762.9, 987.0), (1537.9, 984.9), (1544.1000000000001, 823.3)], [(1269.4, 266.4), (1204.6000000000001, 264.20000000000005), (1121.2, 55.70000000000002), (1125.7, 34.400000000000006), (1157.7, 25.0), (1276.8, 59.80000000000001)]]

area_corte_vertices = ([0, 0], [1794.848572999962, 0], [1794.848572999962, 1794.848572999962], [0, 1794.848572999962])
