pecas_posicionadas = [[(353.5, 1769.848572999962), (25.000000000000004, 1767.6485729999622), (36.19999999999999, 1312.548572999962), (254.1, 1297.048572999962), (349.7, 1512.048572999962)], [(1295.2, 245.6), (1315.0, 31.599999999999994), (1769.8000000000002, 25.0), (1767.4, 353.9), (1514.3, 345.8)], [(77.5, 25.0), (353.79999999999995, 35.60000000000002), (401.59999999999997, 146.3), (422.7, 264.8), (384.59999999999997, 450.8999999999999), (160.5, 423.8999999999999), (71.19999999999999, 327.3999999999999), (29.599999999999966, 194.90000000000003), (25.0, 128.40000000000003)], [(1460.4, 1769.8), (1470.8000000000002, 1345.8999999999999), (1769.8000000000002, 1344.6), (1764.7, 1768.1)], [(1470.2, 799.5), (1461.3, 375.4), (1762.0, 378.7), (1769.8, 802.0999999999999)], [(331.1, 853.4), (323.90000000000003, 1271.7), (25.0, 1273.0), (29.400000000000034, 853.5)], [(803.2, 1470.5), (798.0, 1765.5), (378.5, 1769.8000000000002), (379.8, 1472.6000000000001)], [(1477.8, 824.6), (1761.9, 842.9000000000001), (1769.8, 1272.5), (1485.4, 1271.6)], [(354.0, 827.7), (25.0, 806.3), (47.5, 558.0), (149.4, 457.3), (372.5, 474.59999999999997)], [(717.2, 1437.6), (359.3, 1448.2), (350.9, 1154.4), (704.2, 1141.7)], [(704.9, 1056.7), (624.3, 1119.6), (400.2, 1110.6), (361.09999999999997, 1087.9), (352.9, 1039.8), (462.29999999999995, 727.3), (632.0999999999999, 735.0)], [(1282.5, 29.0), (1270.1999999999998, 244.2), (1242.8, 270.0), (969.8, 278.6), (986.8999999999999, 25.0)], [(447.6, 262.9), (447.70000000000005, 103.29999999999998), (490.5, 25.30000000000001), (616.0, 25.0), (704.6, 80.0), (662.7, 290.5), (573.6, 349.0), (493.70000000000005, 347.8)], [(388.5, 703.8), (394.1, 540.0), (689.4, 540.4), (684.3, 697.7)], [(725.0999999999999, 184.39999999999998), (732.0, 25.0), (957.0, 27.099999999999994), (950.8, 188.7)], [(409.5, 507.9), (411.7, 443.1), (620.2, 359.7), (641.5, 364.2), (650.9, 396.2), (616.1, 515.3)]]

area_corte_vertices = ([0, 0], [1794.848572999962, 0], [1794.848572999962, 1794.848572999962], [0, 1794.848572999962])
