pecas_posicionadas = [[(24.999999999999996, 353.5), (27.199999999999996, 25.000000000000004), (482.3, 36.19999999999999), (497.8, 254.1), (282.8, 349.7)], [(1295.2, 1661.5), (1315.0, 1447.5), (1769.8000000000002, 1440.9), (1767.4, 1769.8000000000002), (1514.3, 1761.7)], [(1343.9, 1368.1), (1354.5, 1091.8), (1465.2, 1044.0), (1583.7, 1022.9), (1769.8000000000002, 1061.0), (1742.8000000000002, 1285.1), (1646.3000000000002, 1374.4), (1513.8000000000002, 1416.0), (1447.3000000000002, 1420.6)], [(25.0, 1460.4), (448.9, 1470.8000000000002), (450.2, 1769.8000000000002), (26.7, 1764.7)], [(848.3000000000001, 1470.2), (1272.4, 1461.3), (1269.1, 1762.0), (845.7, 1769.8)], [(444.6, 1442.6), (26.30000000000001, 1435.4), (25.0, 1136.5), (444.5, 1140.9)], [(1769.8, 449.7), (1474.8, 444.5), (1470.5, 25.0), (1767.7, 26.30000000000001)], [(1311.1, 1151.8), (1292.8, 1435.9), (863.2, 1443.8), (864.1, 1159.4)], [(1769.8000000000002, 683.7), (1748.4, 1012.7), (1500.1000000000001, 990.2), (1399.4, 888.3), (1416.7, 665.2)], [(469.5, 1165.3999999999999), (827.4, 1154.8), (835.8, 1448.6), (482.5, 1461.3)], [(1383.4, 25.0), (1446.3, 105.6), (1437.3, 329.7), (1414.6, 368.8), (1366.5, 377.0), (1054.0, 267.6), (1061.7, 97.79999999999998)], [(822.9, 1520.2), (810.5999999999999, 1735.4), (783.2, 1761.2), (510.2, 1769.8), (527.3, 1516.2)], [(794.4, 25.0), (954.0, 25.099999999999994), (1032.0, 67.9), (1032.3, 193.4), (977.3, 282.0), (766.8, 240.1), (708.3, 150.99999999999997), (709.5, 71.1)], [(518.1, 25.0), (681.9000000000001, 30.6), (681.5, 325.9), (524.2, 320.8)], [(1537.8999999999999, 646.5), (1544.8, 487.1), (1769.8, 489.20000000000005), (1763.6, 650.8)], [(1298.8000000000002, 399.6), (1363.6000000000001, 401.79999999999995), (1447.0, 610.3), (1442.5, 631.6), (1410.5, 641.0), (1291.4, 606.1999999999999)]]

area_corte_vertices = ([0, 0], [1794.848572999962, 0], [1794.848572999962, 1794.848572999962], [0, 1794.848572999962])
