pecas_posicionadas = [[(1769.848572999962, 1441.348572999962), (1767.6485729999622, 1769.848572999962), (1312.548572999962, 1758.648572999962), (1297.048572999962, 1540.748572999962), (1512.048572999962, 1445.148572999962)], [(1661.5, 499.6), (1447.5, 479.8), (1440.9, 25.0), (1769.8000000000002, 27.400000000000034), (1761.7, 280.5)], [(25.0, 1717.3), (35.6, 1441.0), (146.3, 1393.1999999999998), (264.8, 1372.1), (450.9, 1410.1999999999998), (423.9, 1634.3), (327.4, 1723.6), (194.9, 1765.1999999999998), (128.4, 1769.8)], [(1460.4, 1418.1), (1470.8000000000002, 994.2), (1769.8000000000002, 992.9), (1764.7, 1416.4)], [(1760.9, 525.5), (1769.8, 949.5999999999999), (1469.1, 946.3), (1461.3, 522.9)], [(1442.0, 1033.8), (1434.8000000000002, 1452.1), (1135.9, 1453.4), (1140.3000000000002, 1033.8999999999999)], [(449.7, 25.0), (444.5, 319.99999999999994), (25.0, 324.3), (26.30000000000001, 27.100000000000023)], [(1153.2, 560.9), (1437.3000000000002, 579.2), (1445.2, 1008.8), (1160.8000000000002, 1007.9)], [(395.4, 367.6), (374.0, 696.6), (125.69999999999999, 674.1), (25.0, 572.2), (42.299999999999955, 349.1)], [(468.4, 1473.8999999999999), (826.3, 1463.3), (834.7, 1757.1), (481.4, 1769.8)], [(941.8, 1769.8), (878.9, 1689.2), (887.9, 1465.1), (910.6, 1426.0), (958.6999999999999, 1417.8), (1271.2, 1527.2), (1263.5, 1697.0)], [(1175.2, 240.6), (1390.4, 252.9), (1416.2, 280.3), (1424.8, 553.3), (1171.2, 536.2)], [(25.0, 943.1999999999999), (25.1, 783.5999999999999), (67.9, 705.5999999999999), (193.4, 705.3), (282.0, 760.3), (240.1, 970.8), (151.0, 1029.3), (71.1, 1028.1)], [(188.8, 1352.5), (25.0, 1346.8999999999999), (25.400000000000006, 1051.6), (182.70000000000002, 1056.6999999999998)], [(1416.4, 58.8), (1409.5, 218.2), (1184.5, 216.1), (1190.7, 54.5)], [(714.0, 32.39999999999999), (711.8000000000001, 97.19999999999997), (503.30000000000007, 180.59999999999997), (482.0, 176.09999999999997), (472.6, 144.09999999999997), (507.40000000000003, 24.999999999999986)]]

area_corte_vertices = ([0, 0], [1794.848572999962, 0], [1794.848572999962, 1794.848572999962], [0, 1794.848572999962])
