pecas_posicionadas = [[(125.00000000000001, 580.0955674839672), (190.3, 706.2955674839673), (178.60000000000002, 835.5955674839672), (151.20000000000002, 864.5955674839672), (31.30000000000001, 868.3955674839673), (25.0, 586.1955674839672)], [(860.5999999999999, 868.4), (742.1, 864.4), (705.0999999999999, 837.7), (702.4, 708.8), (780.0, 582.3), (868.4, 586.0)], [(91.69999999999999, 303.3), (144.6, 317.7), (139.2, 555.5), (92.79999999999998, 554.1), (28.399999999999984, 483.9), (25.0, 365.6)], [(868.4, 28.8), (868.1, 257.1), (817.7, 271.5), (758.0, 208.8), (761.7, 92.3), (824.1, 25.0)], [(473.5, 39.6), (482.9, 25.0), (711.9, 26.4), (736.5, 98.9), (701.2, 119.1), (482.3, 104.9)], [(104.5, 25.0), (119.1, 34.4), (117.7, 263.4), (45.199999999999996, 287.9), (25.0, 252.7), (39.19999999999999, 33.8)], [(220.4, 54.2), (238.0, 280.3), (229.9, 313.50000000000006), (207.0, 316.00000000000006), (145.20000000000002, 291.0), (143.9, 62.0)], [(791.9000000000001, 557.8), (774.2, 331.70000000000005), (782.4000000000001, 298.5), (805.2, 296.0), (867.0, 321.1), (868.4000000000001, 550.0)], [(601.8000000000001, 868.4000000000001), (584.1, 642.3000000000001), (592.3000000000001, 609.1), (615.1, 606.6), (676.9, 631.7), (678.3000000000001, 860.6)], [(263.6, 286.8), (246.0, 60.70000000000002), (254.1, 27.5), (276.9, 25.0), (338.7, 50.10000000000002), (340.1, 279.0)], [(205.4, 816.3), (215.70000000000002, 774.0), (411.5, 779.1), (443.3, 816.9), (443.9, 844.4), (410.6, 868.4), (216.1, 860.9)], [(523.2, 868.4), (478.90000000000003, 857.8), (471.3, 663.2), (495.40000000000003, 630.0), (522.9, 630.6), (560.6, 662.3), (565.8, 858.2)], [(406.3, 45.699999999999996), (450.5, 56.4), (458.1, 250.9), (434.1, 284.2), (406.6, 283.59999999999997), (368.8, 251.79999999999998), (363.7, 55.9)], [(708.1, 362.3), (752.3, 372.9), (759.9, 567.4), (735.9, 600.7), (708.3, 600.1), (670.6, 568.3), (665.5, 372.5)], [(603.0999999999999, 582.8), (558.8, 572.2), (551.3, 377.7), (575.3, 344.4), (602.8, 345.0), (640.5, 376.8), (645.6999999999999, 572.6)], [(718.5, 189.0), (708.2, 231.3), (512.4000000000001, 226.10000000000002), (480.70000000000005, 188.4), (480.1, 160.9), (513.3000000000001, 136.9), (707.8000000000001, 144.4)], [(449.5, 745.5999999999999), (261.6, 750.1999999999999), (232.3, 745.0999999999999), (230.4, 724.5), (267.6, 681.1999999999999), (446.7, 676.8)], [(756.8, 285.1), (752.4, 315.9), (725.6, 325.6), (532.9, 308.2), (540.5, 252.3), (719.0999999999999, 256.6)]]

area_corte_vertices = ([0, 0], [893.3955674839673, 0], [893.3955674839673, 893.3955674839673], [0, 893.3955674839673])
