pecas_posicionadas = [[(580.0955674839672, 768.3955674839672), (706.2955674839673, 703.0955674839672), (835.5955674839672, 714.7955674839673), (864.5955674839672, 742.1955674839672), (868.3955674839672, 862.0955674839672), (586.1955674839672, 868.3955674839672)], [(311.1, 32.80000000000001), (307.1, 151.3), (280.40000000000003, 188.3), (151.50000000000003, 191.0), (25.0, 113.4), (28.700000000000045, 25.0)], [(521.0999999999999, 494.0), (574.0, 508.40000000000003), (568.5999999999999, 746.2), (522.1999999999999, 744.8), (457.79999999999995, 674.6), (454.4, 556.3)], [(338.7, 25.0), (567.0, 25.3), (581.4, 75.7), (518.7, 135.4), (402.2, 131.7), (334.9, 69.3)], [(868.4, 664.4), (859.0, 679.0), (630.0, 677.6), (605.4, 605.1), (640.7, 584.9), (859.5999999999999, 599.1)], [(605.5, 492.8), (614.9, 478.2), (843.9, 479.59999999999997), (868.4, 552.1), (833.2, 572.3), (614.3, 558.1)], [(286.8, 291.8), (60.70000000000002, 309.4), (27.5, 301.3), (25.0, 278.40000000000003), (50.0, 216.60000000000002), (279.0, 215.3)], [(25.0, 337.4), (251.1, 319.7), (284.3, 327.9), (286.8, 350.7), (261.7, 412.5), (32.8, 413.9)], [(865.0999999999999, 101.5), (639.0, 119.19999999999999), (605.8, 111.0), (603.3, 88.19999999999999), (628.4, 26.400000000000006), (857.3, 25.0)], [(295.5, 791.9), (521.6, 774.3), (554.8, 782.4), (557.3, 805.1999999999999), (532.2, 867.0), (303.3, 868.4)], [(826.1, 129.6), (868.4, 139.89999999999998), (863.3, 335.7), (825.5, 367.5), (798.0, 368.1), (774.0, 334.8), (781.5, 140.3)], [(263.4, 816.5), (252.8, 860.8), (58.20000000000002, 868.4), (25.0, 844.3), (25.599999999999994, 816.8000000000001), (57.30000000000001, 779.1), (253.20000000000002, 773.9)], [(25.0, 489.5), (35.7, 445.3), (230.2, 437.7), (263.5, 461.7), (262.9, 489.2), (231.1, 527.0), (35.2, 532.1)], [(25.0, 603.8), (35.6, 559.6), (230.1, 552.0), (263.4, 576.0), (262.8, 603.6), (231.0, 641.3), (35.2, 646.4)], [(540.7, 412.3), (551.3000000000001, 368.0), (745.8000000000001, 360.5), (779.1, 384.5), (778.5, 412.0), (746.7, 449.7), (550.9000000000001, 454.9)], [(754.3, 196.40000000000003), (744.0, 238.70000000000002), (548.2, 233.5), (516.5, 195.8), (515.9, 168.3), (549.1, 144.3), (743.6, 151.8)], [(749.1, 332.5), (561.2, 337.1), (531.9, 332.0), (530.0, 311.4), (567.2, 268.1), (746.3, 263.7)], [(248.9, 709.3), (244.5, 740.0999999999999), (217.70000000000002, 749.8), (25.0, 732.4), (32.599999999999994, 676.5), (211.2, 680.8)]]

area_corte_vertices = ([0, 0], [893.3955674839673, 0], [893.3955674839673, 893.3955674839673], [0, 893.3955674839673])
