pecas_posicionadas = [[(125.00000000000001, 25.0), (190.3, 151.2), (178.60000000000002, 280.5), (151.20000000000002, 309.5), (31.30000000000001, 313.3), (25.0, 31.099999999999994)], [(860.5999999999999, 868.4), (742.1, 864.4), (705.0999999999999, 837.7), (702.4, 708.8), (780.0, 582.3), (868.4, 586.0)], [(265.7, 277.2), (212.8, 262.79999999999995), (218.20000000000002, 25.0), (264.6, 26.399999999999977), (329.0, 96.6), (332.4, 214.89999999999998)], [(868.4, 28.8), (868.1, 257.1), (817.7, 271.5), (758.0, 208.8), (761.7, 92.3), (824.1, 25.0)], [(602.3000000000001, 868.4), (587.7, 859.0), (589.1, 630.0), (661.6, 605.4), (681.8000000000001, 640.7), (667.6, 859.6)], [(371.6, 287.9), (357.0, 278.5), (358.4, 49.49999999999997), (430.9, 25.0), (451.1, 60.19999999999999), (436.9, 279.1)], [(736.1, 101.5), (510.0, 119.1), (476.8, 111.0), (474.3, 88.1), (499.3, 26.30000000000001), (728.3, 25.0)], [(472.7, 147.2), (698.8, 129.5), (732.0, 137.7), (734.5, 160.5), (709.4, 222.3), (480.5, 223.7)], [(486.2, 868.4000000000001), (468.5, 642.3000000000001), (476.7, 609.1), (499.5, 606.6), (561.3, 631.7), (562.7, 860.6)], [(101.5, 606.6), (119.1, 832.7), (111.0, 865.9000000000001), (88.2, 868.4000000000001), (26.400000000000006, 843.3), (25.0, 614.4)], [(547.6999999999999, 592.6), (505.4, 582.3), (510.5, 386.5), (548.3, 354.7), (575.8, 354.1), (599.8, 387.40000000000003), (592.3, 581.9)], [(481.5, 540.5), (470.9, 584.8), (276.3, 592.4), (243.1, 568.3), (243.7, 540.8000000000001), (275.4, 503.1), (471.3, 497.90000000000003)], [(399.20000000000005, 629.9), (443.40000000000003, 640.6), (451.0, 835.1), (427.0, 868.4000000000001), (399.5, 867.8), (361.70000000000005, 836.0), (356.6, 640.1)], [(868.4, 510.0), (857.8, 554.2), (663.3, 561.8), (630.0, 537.8), (630.6, 510.2), (662.4, 472.5), (858.2, 467.4)], [(284.90000000000003, 630.0), (329.20000000000005, 640.6), (336.70000000000005, 835.1), (312.70000000000005, 868.4000000000001), (285.20000000000005, 867.8000000000001), (247.5, 836.0), (242.3, 640.2)], [(67.3, 575.0), (25.0, 564.7), (30.200000000000003, 368.90000000000003), (67.9, 337.20000000000005), (95.4, 336.6), (119.4, 369.80000000000007), (111.9, 564.3000000000001)], [(217.5, 649.3000000000001), (222.1, 837.2), (217.0, 866.5), (196.4, 868.4000000000001), (153.1, 831.2), (148.7, 652.1)], [(174.7, 626.0), (143.89999999999998, 621.6), (134.2, 594.8000000000001), (151.6, 402.1), (207.5, 409.70000000000005), (203.2, 588.3)]]

area_corte_vertices = ([0, 0], [893.3955674839673, 0], [893.3955674839673, 893.3955674839673], [0, 893.3955674839673])
