pecas_posicionadas = [[(837.930017528995, 1599.230017528995), (842.230017528995, 1395.530017528995), (1603.730017528995, 1238.030017528995), (1598.330017528995, 1603.730017528995)], [(1565.0, 532.9), (1591.8, 557.8), (1603.6999999999998, 1192.3), (1575.3999999999999, 1218.4), (1466.8999999999999, 1221.3), (1441.0, 1196.3), (1418.1, 557.7), (1442.6, 532.7)], [(1239.0, 1279.9), (1150.8999999999999, 1205.2), (1142.3, 857.0), (1162.8, 838.0), (1384.1, 837.2), (1403.9, 858.4000000000001), (1397.8999999999999, 1206.7), (1336.3999999999999, 1267.8000000000002)], [(1603.7, 112.4), (1603.0, 241.70000000000002), (1566.4, 323.0), (1379.3000000000002, 325.70000000000005), (1180.9, 236.1), (1185.6000000000001, 124.80000000000001), (1361.9, 25.00000000000003), (1568.3000000000002, 25.80000000000004)], [(394.5, 1348.0), (772.3, 1400.6000000000001), (813.8, 1428.2), (813.3, 1579.4), (770.6, 1603.7), (391.2, 1601.7), (367.90000000000003, 1576.9), (366.1, 1388.3000000000002)], [(636.9, 1313.8), (47.10000000000002, 1336.1999999999998), (25.0, 1314.2), (25.100000000000023, 1197.3), (635.9, 1204.2)], [(529.6, 25.0), (1155.9, 27.799999999999955), (1159.5, 149.89999999999998), (528.9, 139.60000000000002)], [(1120.3, 537.9), (1392.9, 539.9), (1395.2, 739.2), (1324.8, 812.0999999999999), (1190.5, 812.9), (1118.2, 741.3)], [(683.7, 1363.0), (688.2, 1161.8), (1083.4, 1167.6), (1079.0, 1321.0)], [(1116.9, 1117.3000000000002), (1093.1, 1139.6000000000001), (963.2, 1140.8000000000002), (920.9, 1115.7), (942.5, 788.6000000000001), (968.2, 763.7), (1092.8, 763.7), (1117.4, 787.6000000000001)], [(25.0, 1172.3), (29.2, 1073.5), (644.9, 1094.6), (639.2, 1175.6)], [(30.1, 180.0), (25.0, 25.0), (489.0, 48.0), (490.4, 132.10000000000002)], [(742.2, 843.2), (906.2, 842.2), (895.1, 1135.5), (737.5, 1137.5)], [(1309.6, 499.59999999999997), (1313.6, 353.09999999999997), (1603.7, 347.2), (1600.7, 503.4)], [(389.7, 1060.8), (392.59999999999997, 938.1999999999999), (716.0, 919.5), (713.3, 1066.1)], [(29.3, 1371.8), (188.6, 1378.7), (186.5, 1603.7), (25.0, 1597.5)], [(341.2, 1379.3999999999999), (339.29999999999995, 1521.3999999999999), (258.29999999999995, 1602.6), (217.1, 1603.6999999999998), (232.1, 1375.8999999999999)], [(140.39999999999998, 935.9000000000001), (282.5, 937.8000000000001), (363.6, 1018.8000000000001), (364.7, 1060.0), (137.0, 1045.0)]]

area_corte_vertices = ([0, 0], [1628.730017528995, 0], [1628.730017528995, 1628.730017528995], [0, 1628.730017528995])
