pecas_posicionadas = [[(497.8, 1441.348572999962), (495.6, 1769.848572999962), (40.5, 1758.648572999962), (24.999999999999996, 1540.748572999962), (240.0, 1445.148572999962)], [(995.2, 1549.1999999999998), (975.4000000000001, 1763.1999999999998), (520.6, 1769.8), (523.0, 1440.8999999999999), (776.1, 1449.0)], [(77.5, 25.0), (353.79999999999995, 35.60000000000002), (401.59999999999997, 146.3), (422.7, 264.8), (384.59999999999997, 450.8999999999999), (160.5, 423.8999999999999), (71.19999999999999, 327.3999999999999), (29.599999999999966, 194.90000000000003), (25.0, 128.40000000000003)], [(334.4, 995.0), (324.0, 1418.9), (25.0, 1420.2), (30.099999999999966, 996.7)], [(1767.1999999999998, 1760.9), (1343.1, 1769.8), (1346.3999999999999, 1469.1), (1769.7999999999997, 1461.3)], [(1350.2, 25.0), (1768.5, 32.2), (1769.8000000000002, 331.1), (1350.3, 326.7)], [(1345.1, 655.4000000000001), (1350.3, 360.40000000000003), (1769.8, 356.1), (1768.5, 653.3)], [(1031.3, 25.0), (1315.4, 43.30000000000001), (1323.3, 472.9), (1038.9, 472.0)], [(460.3, 25.0), (789.3, 46.39999999999998), (766.8, 294.70000000000005), (664.9, 395.4), (441.8, 378.1)], [(391.3, 771.2), (33.400000000000034, 781.8), (25.0, 488.0), (378.3, 475.3)], [(1043.1, 603.6), (962.5, 666.5), (738.4000000000001, 657.5), (699.3, 634.8), (691.1, 586.7), (800.5, 274.2), (970.3, 281.9)], [(1007.9, 1765.8), (1020.1999999999999, 1550.6000000000001), (1047.6, 1524.8), (1320.6, 1516.2), (1303.5, 1769.8)], [(411.1, 651.8), (411.20000000000005, 492.19999999999993), (454.0, 414.2), (579.5, 413.9), (668.1, 468.9), (626.2, 679.4), (537.1, 737.9), (457.20000000000005, 736.7)], [(325.9, 806.3), (320.29999999999995, 970.0999999999999), (25.0, 969.6999999999999), (30.099999999999966, 812.4)], [(978.1, 256.9), (818.7, 250.0), (820.8000000000001, 25.0), (982.4, 31.200000000000017)], [(1066.7, 646.0), (1068.9, 581.2), (1277.4, 497.8), (1298.7, 502.3), (1308.1000000000001, 534.3), (1273.3, 653.4)]]

area_corte_vertices = ([0, 0], [1794.848572999962, 0], [1794.848572999962, 1794.848572999962], [0, 1794.848572999962])
