pecas_posicionadas = [[(1769.848572999962, 1769.848572999962), (1441.348572999962, 1767.6485729999622), (1452.548572999962, 1312.548572999962), (1670.448572999962, 1297.048572999962), (1766.048572999962, 1512.048572999962)], [(1549.2485729999619, 25.0), (1763.2485729999619, 44.80000000000001), (1769.848572999962, 499.6), (1440.948572999962, 497.19999999999993), (1449.0485729999618, 244.1)], [(25.0, 370.2), (35.6, 93.90000000000003), (146.3, 46.10000000000002), (264.8, 25.0), (450.9, 63.10000000000002), (423.9, 287.2), (327.4, 376.5), (194.9, 418.1), (128.4, 422.7)], [(334.4, 1344.6), (324.0, 1768.5), (25.0, 1769.8), (30.099999999999966, 1346.3)], [(1116.8000000000002, 1767.1999999999998), (1107.9, 1343.1), (1408.6000000000001, 1346.3999999999999), (1416.4, 1769.8)], [(25.0, 1319.7), (32.2, 901.4000000000001), (331.1, 900.1), (326.7, 1319.6)], [(25.0, 445.9), (320.0, 451.1), (324.3, 870.6), (27.100000000000023, 869.3000000000001)], [(798.7, 1321.9), (1082.8000000000002, 1340.2), (1090.7, 1769.8000000000002), (806.3000000000001, 1768.9)], [(1769.8000000000002, 950.0), (1748.4, 1279.0), (1500.1000000000001, 1256.5), (1399.4, 1154.6), (1416.7, 931.5)], [(1759.1999999999998, 524.5), (1769.8, 882.4), (1476.0, 890.8), (1463.3, 537.5)], [(413.9, 1769.8), (351.0, 1689.2), (360.0, 1465.1), (382.7, 1426.0), (430.8, 1417.8), (743.3, 1527.2), (735.6, 1697.0)], [(774.0999999999999, 29.0), (761.8, 244.2), (734.4, 270.0), (461.4, 278.6), (478.49999999999994, 25.0)], [(1206.8, 25.0), (1366.4, 25.099999999999994), (1444.4, 67.9), (1444.7, 193.4), (1389.7, 282.0), (1179.2, 240.1), (1120.7, 150.99999999999997), (1121.9, 71.1)], [(797.5, 188.8), (803.1, 25.0), (1098.4, 25.400000000000006), (1093.3, 182.70000000000002)], [(543.5999999999999, 1430.8000000000002), (550.5, 1271.4), (775.5, 1273.5), (769.3, 1435.1000000000001)], [(372.70000000000005, 1166.0), (437.5, 1168.1999999999998), (520.9, 1376.6999999999998), (516.4, 1398.0), (484.4, 1407.4), (365.3, 1372.6)]]

area_corte_vertices = ([0, 0], [1794.848572999962, 0], [1794.848572999962, 1794.848572999962], [0, 1794.848572999962])
