pecas_posicionadas = [[(837.930017528995, 1599.230017528995), (842.230017528995, 1395.530017528995), (1603.730017528995, 1238.030017528995), (1598.330017528995, 1603.730017528995)], [(63.7, 1603.5), (36.89999999999999, 1578.6), (25.0, 944.1), (53.3, 918.0), (161.8, 915.1), (187.7, 940.1), (210.59999999999997, 1578.6999999999998), (186.1, 1603.6999999999998)], [(1161.0, 121.7), (1235.7, 33.599999999999994), (1583.9, 25.0), (1602.9, 45.5), (1603.7, 266.8), (1582.5, 286.6), (1234.2, 280.59999999999997), (1173.1, 219.1)], [(317.4, 1180.9), (446.7, 1181.6), (528.0, 1218.2), (530.7, 1405.3000000000002), (441.1, 1603.7), (329.79999999999995, 1599.0), (230.0, 1422.7), (230.8, 1216.3)], [(810.5999999999999, 1184.4), (758.0, 1562.2), (730.4, 1603.7), (579.1999999999999, 1603.2), (554.9, 1560.5), (556.9, 1181.1), (581.6999999999999, 1157.8000000000002), (770.3, 1156.0)], [(950.3, 735.6999999999999), (972.6999999999999, 1325.5), (950.6999999999999, 1347.6), (833.8, 1347.5), (840.6999999999999, 736.6999999999999)], [(25.0, 890.0), (27.8, 263.70000000000005), (149.9, 260.1), (139.6, 890.7)], [(996.0, 1021.7), (1268.6, 1023.7), (1270.9, 1223.0), (1200.5, 1295.9), (1066.2, 1296.7), (993.9, 1225.1000000000001)], [(813.5, 930.4), (809.0, 1131.6), (413.8, 1125.8), (418.2, 972.4)], [(378.6, 25.5), (400.90000000000003, 49.3), (402.1, 179.2), (377.0, 221.5), (49.900000000000034, 199.9), (25.0, 174.2), (25.0, 49.6), (48.900000000000034, 25.0)], [(174.60000000000002, 277.8), (273.4, 282.0), (252.3, 897.7), (171.3, 892.0)], [(1443.6999999999998, 852.6), (1448.8, 1007.6), (984.8, 984.6), (983.4, 900.5)], [(1135.4, 29.7), (1136.4, 193.7), (843.1, 182.6), (841.1, 25.0)], [(1590.0, 1069.7), (1586.0, 1216.2), (1295.9, 1222.1000000000001), (1298.9, 1065.9)], [(489.8, 166.29999999999998), (492.7, 43.699999999999974), (816.1, 25.0), (813.4000000000001, 171.6)], [(388.2, 1156.3), (228.9, 1149.4), (231.0, 924.4), (392.5, 930.6)], [(1603.6999999999998, 819.0), (1601.8, 961.0), (1520.8, 1042.2), (1479.6, 1043.3000000000002), (1494.6, 815.5)], [(1600.3, 432.1), (1458.2, 430.20000000000005), (1377.1, 349.20000000000005), (1376.0, 308.0), (1603.7, 323.0)]]

area_corte_vertices = ([0, 0], [1628.730017528995, 0], [1628.730017528995, 1628.730017528995], [0, 1628.730017528995])
