pecas_posicionadas = [[(790.8, 29.5), (786.5, 233.2), (25.0, 390.7), (30.399999999999977, 25.0)], [(815.1, 63.7), (840.0, 36.9), (1474.5, 25.0), (1500.6, 53.3), (1503.5, 161.8), (1478.5, 187.7), (839.9, 210.59999999999997), (814.9, 186.1)], [(1438.8, 658.8), (1350.6999999999998, 584.1), (1342.1, 235.9), (1362.6, 216.9), (1583.8999999999999, 216.1), (1603.6999999999998, 237.29999999999998), (1597.6999999999998, 585.6), (1536.1999999999998, 646.7)], [(25.0, 619.1), (25.7, 489.8), (62.3, 408.5), (249.4, 405.8), (447.8, 495.4), (443.1, 606.7), (266.8, 706.5), (60.4, 705.7)], [(25.0, 1575.3), (77.6, 1197.5), (105.2, 1156.0), (256.4, 1156.5), (280.7, 1199.2), (278.7, 1578.6), (253.9, 1601.9), (65.3, 1603.7)], [(1487.2, 1289.9), (1464.8, 700.1), (1486.8, 678.0), (1603.7, 678.1), (1596.8, 1288.9)], [(1603.0, 1603.6999999999998), (976.7, 1600.9), (973.1, 1478.8), (1603.7, 1489.1)], [(1317.2, 227.9), (1315.2, 500.5), (1115.9, 502.8), (1043.0, 432.4), (1042.2, 298.1), (1113.8, 225.8)], [(1018.3, 250.6), (1013.8, 451.79999999999995), (618.6, 446.0), (623.0, 292.6)], [(25.5, 754.7), (49.3, 732.4000000000001), (179.2, 731.2), (221.5, 756.3000000000001), (199.9, 1083.4), (174.2, 1108.3000000000002), (49.6, 1108.3000000000002), (25.0, 1084.4)], [(983.8, 1454.0), (988.0, 1355.2), (1603.6999999999998, 1376.3), (1598.0, 1457.3)], [(1458.4, 1191.5), (1463.5, 1346.5), (999.5, 1323.5), (998.1, 1239.4)], [(655.4000000000001, 1599.0), (654.4000000000001, 1435.0), (947.7, 1446.1), (949.7, 1603.7)], [(335.40000000000003, 1599.9), (339.40000000000003, 1453.4), (629.5, 1447.5), (626.5, 1603.7)], [(304.6, 1417.2), (307.5, 1294.6000000000001), (630.9000000000001, 1275.9), (628.2, 1422.5)], [(803.0, 1189.7), (962.3000000000001, 1196.6000000000001), (960.2, 1421.6000000000001), (798.7, 1415.4)], [(654.1, 1410.0), (656.0, 1268.0), (737.0, 1186.8), (778.2, 1185.7), (763.2, 1413.5)], [(592.7, 469.3), (450.59999999999997, 467.4), (369.5, 386.4), (368.4, 345.20000000000005), (596.0999999999999, 360.20000000000005)]]

area_corte_vertices = ([0, 0], [1628.730017528995, 0], [1628.730017528995, 1628.730017528995], [0, 1628.730017528995])
