pecas_posicionadas = [[(1599.230017528995, 1603.730017528995), (1395.530017528995, 1599.430017528995), (1238.030017528995, 837.930017528995), (1603.730017528995, 843.330017528995)], [(713.4, 1565.030017528995), (688.4999999999999, 1591.830017528995), (54.0, 1603.730017528995), (27.899999999999977, 1575.430017528995), (25.0, 1466.930017528995), (50.0, 1441.0300175289951), (688.5999999999999, 1418.130017528995), (713.5999999999999, 1442.630017528995)], [(121.7, 467.7), (33.599999999999994, 393.0), (25.0, 44.80000000000001), (45.5, 25.80000000000001), (266.8, 25.0), (286.6, 46.19999999999999), (280.59999999999997, 394.5), (219.1, 455.6)], [(1233.5, 1603.7), (1104.2, 1603.0), (1022.9000000000001, 1566.4), (1020.2, 1379.3000000000002), (1109.8, 1180.9), (1221.1000000000001, 1185.6000000000001), (1320.9, 1361.9), (1320.1, 1568.3000000000002)], [(740.4, 1575.3), (793.0, 1197.5), (820.6, 1156.0), (971.8, 1156.5), (996.0999999999999, 1199.2), (994.0999999999999, 1578.6), (969.3, 1601.9), (780.6999999999999, 1603.7)], [(1581.3, 204.5), (1603.7, 794.3), (1581.7, 816.4), (1464.8, 816.3), (1471.7, 205.5)], [(973.8000000000001, 25.0), (1600.1, 27.799999999999955), (1603.7, 149.89999999999998), (973.1, 139.60000000000002)], [(25.0, 766.4), (27.0, 493.8), (226.3, 491.5), (299.2, 561.9), (300.0, 696.2), (228.4, 768.5)], [(25.0, 1418.5), (29.5, 1217.3), (424.7, 1223.1), (420.3, 1376.5)], [(25.5, 816.5), (49.3, 794.2), (179.2, 793.0), (221.5, 818.1), (199.9, 1145.2), (174.2, 1170.1), (49.6, 1170.1), (25.0, 1146.2)], [(1440.1, 790.9), (1341.3, 786.6999999999999), (1362.3999999999999, 171.0), (1443.3999999999999, 176.69999999999993)], [(487.8, 180.0), (482.7, 25.0), (946.7, 48.0), (948.0999999999999, 132.10000000000002)], [(743.6, 1199.5), (744.6, 1363.5), (451.3, 1352.3999999999999), (449.3, 1194.8)], [(311.7, 37.2), (458.2, 41.2), (464.09999999999997, 331.3), (307.9, 328.3)], [(555.8, 1041.2), (552.9, 1163.8000000000002), (229.5, 1182.5), (232.2, 1035.9)], [(1013.5, 1154.1), (1020.4000000000001, 994.8), (1245.4, 996.9), (1239.2, 1158.3999999999999)], [(241.8, 890.5999999999999), (383.8, 892.5), (465.0, 973.5), (466.1, 1014.6999999999999), (238.3, 999.6999999999999)], [(280.59999999999997, 751.3), (422.7, 753.2), (503.79999999999995, 834.2), (504.9, 875.4), (277.2, 860.4)]]

area_corte_vertices = ([0, 0], [1628.730017528995, 0], [1628.730017528995, 1628.730017528995], [0, 1628.730017528995])
