pecas_posicionadas = [[(1769.848572999962, 25.0), (1767.6485729999622, 353.5), (1312.548572999962, 342.29999999999995), (1297.048572999962, 124.39999999999998), (1512.048572999962, 28.80000000000001)], [(1549.2, 1295.1999999999998), (1763.2, 1315.0), (1769.8000000000002, 1769.8), (1440.9, 1767.3999999999999), (1449.0, 1514.3)], [(1427.4, 1424.6000000000001), (1416.8, 1700.9), (1306.1, 1748.7), (1187.6, 1769.8000000000002), (1001.5, 1731.7), (1028.5, 1507.6000000000001), (1125.0, 1418.3000000000002), (1257.5, 1376.7), (1324.0, 1372.1000000000001)], [(334.4, 1344.6), (324.0, 1768.5), (25.0, 1769.8), (30.099999999999966, 1346.3)], [(555.4, 1470.2), (979.5, 1461.3), (976.1999999999999, 1762.0), (552.8, 1769.8)], [(331.1, 25.0), (323.90000000000003, 443.3), (25.0, 444.6), (29.400000000000034, 25.1)], [(1273.8, 25.0), (1268.6, 319.99999999999994), (849.1, 324.3), (850.4000000000001, 27.100000000000023)], [(377.2, 317.0), (395.5, 32.89999999999998), (825.0999999999999, 25.0), (824.2, 309.4)], [(375.9, 1074.3), (704.9, 1095.6999999999998), (682.4, 1344.0), (580.5, 1444.6999999999998), (357.4, 1427.4)], [(1025.5, 1075.0), (1036.1, 1432.9), (742.3, 1441.3000000000002), (729.6, 1088.0)], [(1120.1000000000001, 1382.2), (1057.2, 1301.6000000000001), (1066.2, 1077.5), (1088.9, 1038.4), (1137.0, 1030.2), (1449.5, 1139.6000000000001), (1441.8000000000002, 1309.4)], [(337.7, 1071.8), (325.4, 1287.0), (298.0, 1312.8), (25.0, 1321.3999999999999), (42.099999999999966, 1067.8)], [(1769.8, 1037.0), (1769.6999999999998, 1196.6), (1726.8999999999999, 1274.6), (1601.3999999999999, 1274.9), (1512.8, 1219.9), (1554.7, 1009.4000000000001), (1643.8, 950.9000000000001), (1723.7, 952.1)], [(364.4, 1468.9), (528.2, 1474.5), (527.8, 1769.8000000000002), (370.5, 1764.7)], [(184.39999999999998, 701.5), (25.0, 694.6), (27.099999999999994, 469.6), (188.69999999999996, 475.80000000000007)], [(1365.9, 874.7), (1430.7, 876.9), (1514.1, 1085.4), (1509.6, 1106.7), (1477.6, 1116.1), (1358.5, 1081.3)]]

area_corte_vertices = ([0, 0], [1794.848572999962, 0], [1794.848572999962, 1794.848572999962], [0, 1794.848572999962])
