pecas_posicionadas = [[(1603.730017528995, 1242.530017528995), (1599.430017528995, 1446.230017528995), (837.930017528995, 1603.730017528995), (843.330017528995, 1238.030017528995)], [(1565.0, 25.200000000000003), (1591.8, 50.10000000000001), (1603.6999999999998, 684.6), (1575.3999999999999, 710.7), (1466.8999999999999, 713.6), (1441.0, 688.6), (1418.1, 50.0), (1442.6, 25.0)], [(843.5, 1213.0), (755.4, 1138.3), (746.8, 790.0999999999999), (767.3, 771.0999999999999), (988.5999999999999, 770.3), (1008.4, 791.5), (1002.3999999999999, 1139.8), (940.9, 1200.9)], [(238.3, 1603.7), (109.0, 1603.0), (27.69999999999999, 1566.4), (25.0, 1379.3000000000002), (114.6, 1180.9), (225.9, 1185.6000000000001), (325.7, 1361.9), (324.9, 1568.3000000000002)], [(1448.8999999999999, 1216.6), (1071.1, 1164.0), (1029.6, 1136.4), (1030.1, 985.1999999999999), (1072.8, 960.9), (1452.1999999999998, 962.9), (1475.5, 987.6999999999999), (1477.3, 1176.3)], [(1414.3, 723.5), (824.5, 745.9), (802.4, 723.9), (802.5, 607.0), (1413.3, 613.9)], [(654.9, 1158.3), (28.600000000000023, 1155.5), (25.0, 1033.4), (655.6, 1043.6999999999998)], [(446.8, 860.4), (448.8, 587.8), (648.1, 585.5), (721.0, 655.9), (721.8, 790.2), (650.2, 862.5)], [(25.0, 226.2), (29.5, 25.0), (424.7, 30.799999999999983), (420.3, 184.2)], [(1040.3, 221.0), (1018.0, 197.2), (1016.8, 67.30000000000001), (1041.8999999999999, 25.0), (1369.0, 46.599999999999994), (1393.9, 72.30000000000001), (1393.9, 196.9), (1370.0, 221.5)], [(789.5, 581.9), (793.7, 483.1), (1409.4, 504.20000000000005), (1403.7, 585.2)], [(1038.3, 939.4), (1033.2, 784.4), (1497.2, 807.4), (1498.6, 891.5)], [(811.9000000000001, 1439.7), (812.9000000000001, 1603.7), (519.6, 1592.6), (517.6, 1435.0)], [(523.9, 1410.1), (527.9, 1263.6), (818.0, 1257.7), (815.0, 1413.9)], [(446.40000000000003, 166.29999999999998), (449.3, 43.699999999999974), (772.7, 25.0), (770.0, 171.6)], [(1241.1, 246.9), (1400.3999999999999, 253.8), (1398.3, 478.8), (1236.8, 472.6)], [(668.6, 315.3), (526.6, 313.4), (445.4, 232.4), (444.3, 191.20000000000002), (672.1, 206.20000000000002)], [(654.2, 561.3), (656.1, 419.2), (737.1, 338.1), (778.3000000000001, 337.0), (763.3000000000001, 564.7)]]

area_corte_vertices = ([0, 0], [1628.730017528995, 0], [1628.730017528995, 1628.730017528995], [0, 1628.730017528995])
