pecas_posicionadas = [[(1242.530017528995, 25.0), (1446.230017528995, 29.3), (1603.730017528995, 790.8), (1238.030017528995, 785.4)], [(1089.2, 1452.1), (1062.4, 1427.1999999999998), (1050.5, 792.7), (1078.8, 766.6), (1187.3, 763.7), (1213.2, 788.7), (1236.1, 1427.3), (1211.6, 1452.3)], [(189.90000000000003, 1161.0), (278.00000000000006, 1235.7), (286.6, 1583.9), (266.1, 1602.9), (44.80000000000001, 1603.6999999999998), (25.0, 1582.5), (31.000000000000057, 1234.2), (92.50000000000004, 1173.1)], [(25.0, 1048.9), (25.7, 919.6), (62.3, 838.3), (249.4, 835.6), (447.8, 925.2), (443.1, 1036.5), (266.8, 1136.3), (60.4, 1135.5)], [(444.3, 837.5), (66.5, 784.9), (25.0, 757.3), (25.5, 606.1), (68.19999999999999, 581.8), (447.6, 583.8), (470.9, 608.6), (472.7, 797.2)], [(1487.2, 1603.6999999999998), (1464.8, 1013.9), (1486.8, 991.8), (1603.7, 991.9), (1596.8, 1602.6999999999998)], [(585.4, 973.8), (582.6, 1600.1), (460.5, 1603.6999999999998), (470.8, 973.0999999999999)], [(497.70000000000005, 797.4), (499.70000000000005, 524.8), (699.0, 522.5), (771.9000000000001, 592.9), (772.7, 727.2), (701.1, 799.5)], [(808.8, 1603.7), (607.6, 1599.2), (613.4, 1204.0), (766.8, 1208.4)], [(221.0, 378.6), (197.2, 400.90000000000003), (67.30000000000001, 402.1), (25.0, 377.0), (46.599999999999994, 49.900000000000034), (72.30000000000001, 25.0), (196.9, 25.0), (221.5, 48.900000000000034)], [(947.8, 171.9), (1046.6, 176.1), (1025.5, 791.8), (944.5, 786.1)], [(1294.7, 818.6), (1449.7, 813.5), (1426.7, 1277.5), (1342.6000000000001, 1278.9)], [(540.5, 29.7), (541.5, 193.7), (248.2, 182.6), (246.2, 25.0)], [(1304.7, 1309.6), (1451.2, 1313.6), (1457.1000000000001, 1603.6999999999998), (1300.9, 1600.6999999999998)], [(599.1999999999999, 166.29999999999998), (602.1, 43.699999999999974), (925.5, 25.0), (922.8, 171.6)], [(792.3, 195.0), (785.4, 354.29999999999995), (560.4, 352.2), (566.6, 190.7)], [(1051.7, 1479.6), (1193.7, 1481.5), (1274.9, 1562.5), (1276.0, 1603.6999999999998), (1048.2, 1588.6999999999998)], [(915.8000000000001, 981.5), (913.9000000000001, 1123.6000000000001), (832.9000000000001, 1204.7), (791.7, 1205.8000000000002), (806.7, 978.1000000000001)]]

area_corte_vertices = ([0, 0], [1628.730017528995, 0], [1628.730017528995, 1628.730017528995], [0, 1628.730017528995])
