pecas_posicionadas = [[(386.2, 1603.730017528995), (182.5, 1599.430017528995), (25.0, 837.930017528995), (390.7, 843.330017528995)], [(412.09999999999997, 1456.8), (437.0, 1430.0), (1071.5, 1418.1), (1097.6, 1446.3999999999999), (1100.5, 1554.8999999999999), (1075.5, 1580.8), (436.9, 1603.6999999999998), (411.9, 1579.1999999999998)], [(1567.5, 1507.0), (1492.8, 1595.1), (1144.6, 1603.6999999999998), (1125.6, 1583.1999999999998), (1124.8, 1361.8999999999999), (1146.0, 1342.1), (1494.3, 1348.1), (1555.3999999999999, 1409.6)], [(1390.4, 901.0999999999999), (1519.7, 901.8), (1601.0, 938.4), (1603.7, 1125.5), (1514.1, 1323.9), (1402.8, 1319.2), (1303.0, 1142.9), (1303.8, 936.5)], [(442.09999999999997, 1142.1), (819.9, 1194.7), (861.4, 1222.3), (860.9, 1373.5), (818.2, 1397.8), (438.79999999999995, 1395.8), (415.5, 1371.0), (413.7, 1182.4)], [(25.0, 703.3), (614.8, 680.9), (636.9, 702.9), (636.8, 819.8), (26.0, 812.9)], [(954.6999999999999, 541.8), (951.9, 1168.1), (829.8, 1171.7), (840.0999999999999, 541.0999999999999)], [(1252.1, 1043.3), (1250.1, 1315.9), (1050.8, 1318.2), (977.9000000000001, 1247.8), (977.1, 1113.5), (1048.7, 1041.2)], [(1278.5, 1018.9000000000001), (1077.3, 1014.4000000000001), (1083.1, 619.2), (1236.5, 623.6)], [(930.8, 163.2), (954.5999999999999, 140.89999999999998), (1084.5, 139.7), (1126.8, 164.79999999999998), (1105.2, 491.9), (1079.5, 516.8), (954.9, 516.8), (930.3, 492.9)], [(1600.3999999999999, 644.9), (1501.6, 640.6999999999999), (1522.6999999999998, 25.0), (1603.6999999999998, 30.699999999999932)], [(180.0, 485.29999999999995), (25.0, 490.3999999999999), (48.0, 26.399999999999977), (132.1, 25.0)], [(804.4000000000001, 973.7), (805.4000000000001, 1137.7), (512.1, 1126.6), (510.1, 969.0)], [(1292.0, 582.3), (1438.5, 586.3), (1444.4, 876.4), (1288.2, 873.4)], [(25.0, 660.6999999999999), (27.9, 538.0999999999999), (351.3, 519.4), (348.6, 666.0)], [(185.0, 25.0), (344.29999999999995, 31.9), (342.2, 256.9), (180.7, 250.7)], [(811.7, 722.5), (809.8, 864.5), (728.8, 945.7), (687.6, 946.8), (702.6, 719.0)], [(410.8, 400.0), (268.7, 398.1), (187.6, 317.1), (186.5, 275.9), (414.2, 290.9)]]

area_corte_vertices = ([0, 0], [1628.730017528995, 0], [1628.730017528995, 1628.730017528995], [0, 1628.730017528995])
