pecas_posicionadas = [[(790.8, 29.5), (786.5, 233.2), (25.0, 390.7), (30.399999999999977, 25.0)], [(63.7, 1603.5), (36.89999999999999, 1578.6), (25.0, 944.1), (53.3, 918.0), (161.8, 915.1), (187.7, 940.1), (210.59999999999997, 1578.6999999999998), (186.1, 1603.6999999999998)], [(813.9, 121.7), (888.6, 33.599999999999994), (1236.8, 25.0), (1255.8, 45.5), (1256.6, 266.8), (1235.4, 286.6), (887.1, 280.59999999999997), (826.0, 219.1)], [(1180.9, 1516.3), (1181.6000000000001, 1387.0), (1218.2, 1305.7), (1405.3000000000002, 1303.0), (1603.7, 1392.6), (1599.0, 1503.9), (1422.7, 1603.7), (1216.3000000000002, 1602.9)], [(737.1, 1284.8), (1114.9, 1337.4), (1156.4, 1365.0), (1155.9, 1516.2), (1113.2, 1540.5), (733.8, 1538.5), (710.5, 1513.7), (708.7, 1325.1)], [(1303.2, 636.9), (1280.8, 47.10000000000002), (1302.8, 25.0), (1419.7, 25.100000000000023), (1412.8, 635.9)], [(564.5, 1603.0), (567.3, 976.7), (689.4, 973.1), (679.1, 1603.7)], [(299.9, 675.9), (27.30000000000001, 673.9), (25.0, 474.59999999999997), (95.39999999999995, 401.7), (229.69999999999993, 400.9), (301.99999999999994, 472.5)], [(894.5, 676.5), (693.3, 672.0), (699.0999999999999, 276.8), (852.5, 281.2)], [(689.4, 948.1), (667.1, 924.3), (665.9, 794.4000000000001), (691.0, 752.1), (1018.0999999999999, 773.7), (1043.0, 799.4000000000001), (1043.0, 924.0), (1019.0999999999999, 948.6)], [(229.4, 700.4), (328.2, 704.6), (307.1, 1320.3), (226.1, 1314.6)], [(1174.1999999999998, 957.6), (1179.3, 1112.6), (715.3, 1089.6), (713.9, 1005.5)], [(525.2, 1348.8), (526.2, 1512.8), (232.9, 1501.6999999999998), (230.9, 1344.1)], [(638.9, 949.6), (492.4, 945.6), (486.5, 655.5), (642.6999999999999, 658.5)], [(939.5, 451.19999999999993), (942.4000000000001, 328.59999999999997), (1265.8000000000002, 309.9), (1263.1000000000001, 456.5)], [(1444.3999999999999, 204.1), (1603.6999999999998, 211.0), (1601.6, 436.0), (1440.1, 429.79999999999995)], [(494.6, 489.6), (352.6, 487.70000000000005), (271.4, 406.70000000000005), (270.3, 365.5), (498.1, 380.5)], [(1603.6999999999998, 461.1), (1601.8, 603.2), (1520.8, 684.3), (1479.6, 685.4000000000001), (1494.6, 457.70000000000005)]]

area_corte_vertices = ([0, 0], [1628.730017528995, 0], [1628.730017528995, 1628.730017528995], [0, 1628.730017528995])
