pecas_posicionadas = [[(1593.864259287974, 816.564259287974), (1588.9642592879738, 1552.864259287974), (1567.7642592879738, 1593.864259287974), (1413.2642592879738, 1532.764259287974), (1232.564259287974, 1316.4642592879738), (1138.164259287974, 1168.764259287974), (1173.4642592879738, 824.3642592879739), (1190.364259287974, 799.2642592879739), (1564.664259287974, 800.964259287974)], [(1587.6999999999998, 776.6), (1196.1999999999998, 765.5), (1194.1, 410.20000000000005), (1593.8999999999999, 410.8)], [(25.0, 83.1), (33.5, 41.6), (54.1, 25.0), (340.4, 60.2), (332.0, 488.9), (252.4, 479.6)], [(1149.8, 498.8), (1172.4, 781.6), (1150.3, 810.6), (707.9, 571.5), (719.4, 494.4)], [(828.1, 814.2), (890.4, 702.6), (1051.1, 785.4), (1115.7, 896.8), (1132.6, 977.4000000000001), (860.6, 1129.4), (845.0, 1095.2)], [(1588.0, 385.2), (620.3, 385.2), (608.3, 309.8), (626.6999999999999, 292.5), (1576.7, 308.8), (1593.9, 326.2)], [(892.1, 1410.2), (1009.4, 1348.1), (1170.0, 1347.5), (1281.9, 1414.6), (1286.4, 1531.0), (1167.8, 1593.9), (1013.7, 1593.6), (900.4, 1538.0)], [(25.0, 788.2), (34.2, 493.6), (83.0, 416.8), (250.3, 506.90000000000003), (310.3, 632.8), (316.2, 689.9000000000001), (48.7, 842.7)], [(869.2, 1395.8000000000002), (553.6, 1375.2), (565.3, 1327.0), (708.1, 1099.7), (752.6, 1101.8000000000002), (864.5, 1159.5), (898.6, 1195.8000000000002), (965.1, 1327.1000000000001)], [(429.0, 1080.0), (407.8, 1069.7), (408.90000000000003, 1042.0), (538.0, 812.9000000000001), (570.8, 792.7), (606.8, 799.1000000000001), (743.4000000000001, 879.3000000000001), (815.2, 1015.5), (805.6, 1042.4), (747.1, 1073.9)], [(611.1, 209.79999999999998), (627.7, 195.2), (1575.8000000000002, 196.6), (1593.9, 234.0), (1574.6, 279.29999999999995), (627.7, 267.5), (610.1, 250.89999999999998)], [(479.5, 463.0), (534.6, 430.8), (683.9, 578.8), (738.9, 708.6), (727.6, 752.2), (546.7, 769.9000000000001), (503.6, 754.8)], [(387.7, 1593.9), (33.30000000000001, 1568.3), (25.0, 1535.1), (33.5, 1514.0), (389.2, 1502.0), (417.5, 1533.2)], [(842.5, 1515.8), (566.0999999999999, 1500.0), (553.3, 1469.8999999999999), (562.8, 1417.3999999999999), (843.1999999999999, 1419.1999999999998), (869.6999999999999, 1450.3999999999999)], [(1392.7, 144.7), (1393.5, 93.8), (1460.6000000000001, 25.0), (1505.2, 29.799999999999997), (1593.9, 132.4), (1582.1000000000001, 161.4), (1405.2, 157.6)], [(1040.4, 1215.0), (1032.5, 1062.0), (1103.3, 1051.5), (1114.2, 1063.4), (1112.8, 1204.9)]]

area_corte_vertices = ([0, 0], [1618.864259287974, 0], [1618.864259287974, 1618.864259287974], [0, 1618.864259287974])
