pecas_posicionadas = [[(1441.348572999962, 1297.048572999962), (1769.848572999962, 1299.248572999962), (1758.648572999962, 1754.348572999962), (1540.748572999962, 1769.848572999962), (1445.148572999962, 1554.848572999962)], [(25.0, 1661.5), (44.8, 1447.5), (499.6, 1440.9), (497.2, 1769.8000000000002), (244.1, 1761.7)], [(1343.9, 1219.6), (1354.5, 943.3), (1465.2, 895.5), (1583.7, 874.4), (1769.8000000000002, 912.5), (1742.8000000000002, 1136.6), (1646.3000000000002, 1225.9), (1513.8000000000002, 1267.5), (1447.3000000000002, 1272.1)], [(1769.8, 334.4), (1345.8999999999999, 324.0), (1344.6, 25.0), (1768.1, 30.099999999999966)], [(524.8000000000001, 1470.2), (948.9000000000001, 1461.3), (945.6, 1762.0), (522.2, 1769.8)], [(1111.0, 1769.8000000000002), (1118.2, 1351.5), (1417.1, 1350.2), (1412.7, 1769.7)], [(895.0, 1327.6), (900.2, 1032.6), (1319.7, 1028.3), (1318.4, 1325.5)], [(880.3, 1007.9), (898.5999999999999, 723.8), (1328.1999999999998, 715.9), (1327.3, 1000.3)], [(778.9, 1111.3), (757.5, 1440.3), (509.2, 1417.8), (408.5, 1315.9), (425.79999999999995, 1092.8)], [(320.9, 25.0), (331.5, 382.9), (37.69999999999999, 391.3), (25.0, 38.0)], [(1257.1000000000001, 25.0), (1320.0, 105.6), (1311.0, 329.7), (1288.3000000000002, 368.8), (1240.2, 377.0), (927.7, 267.6), (935.4000000000001, 97.79999999999998)], [(353.3, 274.6), (365.6, 59.400000000000006), (393.0, 33.599999999999994), (666.0, 25.0), (648.9000000000001, 278.6)], [(111.1, 1161.9), (270.70000000000005, 1162.0), (348.7, 1204.8), (349.0, 1330.3), (294.0, 1418.9), (83.5, 1377.0), (25.0, 1287.9), (26.19999999999999, 1208.0)], [(602.3, 704.9000000000001), (607.9, 541.1), (903.1999999999999, 541.5), (898.0999999999999, 698.8000000000001)], [(25.0, 1132.6999999999998), (31.9, 973.3), (256.90000000000003, 975.4), (250.7, 1137.0)], [(931.6999999999999, 454.7), (996.5, 456.9), (1079.8999999999999, 665.4), (1075.3999999999999, 686.7), (1043.3999999999999, 696.1), (924.3, 661.3)]]

area_corte_vertices = ([0, 0], [1794.848572999962, 0], [1794.848572999962, 1794.848572999962], [0, 1794.848572999962])
