pecas_posicionadas = [[(1769.848572999962, 1769.848572999962), (1441.348572999962, 1767.6485729999622), (1452.548572999962, 1312.548572999962), (1670.448572999962, 1297.048572999962), (1766.048572999962, 1512.048572999962)], [(1195.8, 1295.1999999999998), (1409.8, 1315.0), (1416.4, 1769.8), (1087.5, 1767.3999999999999), (1095.6, 1514.3)], [(1343.9, 1235.2), (1354.5, 958.9000000000001), (1465.2, 911.1), (1583.7, 890.0), (1769.8000000000002, 928.1), (1742.8000000000002, 1152.2), (1646.3000000000002, 1241.5), (1513.8000000000002, 1283.1), (1447.3000000000002, 1287.7)], [(1318.9, 1234.1999999999998), (895.0, 1223.8), (893.7, 924.8), (1317.2, 929.8999999999999)], [(1053.6, 1342.5), (1062.5, 1766.6), (761.8, 1763.2999999999997), (754.0, 1339.8999999999999)], [(868.8, 1226.5), (450.5, 1219.3), (449.2, 920.4), (868.7, 924.8)], [(425.5, 1219.4), (130.5, 1214.2), (126.2, 794.7), (423.4, 796.0)], [(1769.8000000000002, 25.0), (1751.5, 309.1), (1321.9, 317.0), (1322.8000000000002, 32.60000000000002)], [(43.5, 25.0), (372.5, 46.39999999999998), (350.0, 294.70000000000005), (248.1, 395.4), (25.0, 378.1)], [(1003.2, 391.3), (992.6, 33.400000000000034), (1286.4, 25.0), (1299.1, 378.3)], [(1398.1, 842.0), (1317.5, 904.9000000000001), (1093.3999999999999, 895.9000000000001), (1054.3, 873.2), (1046.1, 825.1000000000001), (1155.5, 512.6), (1325.3, 520.3)], [(691.4, 897.9000000000001), (476.20000000000005, 885.6), (450.4, 858.2), (441.8, 585.2), (695.4, 602.3)], [(25.0, 654.1), (25.1, 494.5), (67.9, 416.5), (193.4, 416.2), (282.0, 471.2), (240.1, 681.7), (151.0, 740.2), (71.1, 739.0)], [(894.0, 899.8), (730.2, 894.1999999999999), (730.6, 598.9), (887.9000000000001, 604.0)], [(1112.0, 421.40000000000003), (1105.1, 580.8), (880.1, 578.7), (886.3000000000001, 417.1)], [(398.29999999999995, 24.999999999999986), (463.09999999999997, 27.199999999999974), (546.5, 235.7), (542.0, 257.0), (510.0, 266.40000000000003), (390.9, 231.59999999999997)]]

area_corte_vertices = ([0, 0], [1794.848572999962, 0], [1794.848572999962, 1794.848572999962], [0, 1794.848572999962])
