pecas_posicionadas = [[(1769.848572999962, 25.0), (1767.6485729999622, 353.5), (1312.548572999962, 342.29999999999995), (1297.048572999962, 124.39999999999998), (1512.048572999962, 28.80000000000001)], [(1769.8000000000002, 1549.1999999999998), (1750.0, 1763.1999999999998), (1295.2, 1769.8), (1297.6000000000001, 1440.8999999999999), (1550.7, 1449.0)], [(1717.3, 1430.4), (1441.0, 1419.8), (1393.1999999999998, 1309.1), (1372.1, 1190.6), (1410.1999999999998, 1004.5), (1634.3, 1031.5), (1723.6, 1128.0), (1765.1999999999998, 1260.5), (1769.8, 1327.0)], [(1385.7, 999.5), (961.8, 989.1), (960.5, 690.1), (1384.0, 695.2)], [(924.8000000000001, 1032.5), (1348.9, 1023.6), (1345.6, 1324.3), (922.2, 1332.1)], [(1272.1, 331.1), (853.8, 323.90000000000003), (852.5, 25.0), (1272.0, 29.400000000000034)], [(1769.8, 801.9), (1474.8, 796.7), (1470.5, 377.2), (1767.7, 378.5)], [(613.1, 1314.3), (897.2, 1332.6), (905.1, 1762.1999999999998), (620.7, 1761.3)], [(25.0, 1751.3), (46.4, 1422.3), (294.7, 1444.8), (395.4, 1546.7), (378.1, 1769.8)], [(391.3, 320.9), (33.400000000000034, 331.49999999999994), (25.0, 37.69999999999999), (378.3, 25.0)], [(819.6, 696.3), (756.7, 615.7), (765.7, 391.6), (788.4000000000001, 352.5), (836.5, 344.3), (1149.0, 453.70000000000005), (1141.3000000000002, 623.5)], [(1174.1, 1769.8), (958.9, 1757.5), (933.1, 1730.1), (924.5, 1457.1), (1178.1, 1474.1999999999998)], [(660.3000000000001, 1047.1000000000001), (819.9000000000001, 1047.2), (897.9000000000001, 1090.0), (898.2, 1215.5), (843.2, 1304.1), (632.7, 1262.2), (574.2, 1173.1), (575.4000000000001, 1093.2)], [(1281.7, 371.3), (1445.5, 376.90000000000003), (1445.1000000000001, 672.2), (1287.8, 667.1)], [(417.5, 25.0), (576.9, 31.9), (574.8, 256.9), (413.2, 250.7)], [(749.9000000000001, 266.4), (685.1, 264.20000000000005), (601.7, 55.70000000000002), (606.2, 34.400000000000006), (638.2, 25.0), (757.3000000000001, 59.80000000000001)]]

area_corte_vertices = ([0, 0], [1794.848572999962, 0], [1794.848572999962, 1794.848572999962], [0, 1794.848572999962])
