pecas_posicionadas = [[(580.0955674839672, 768.3955674839672), (706.2955674839673, 703.0955674839672), (835.5955674839672, 714.7955674839673), (864.5955674839672, 742.1955674839672), (868.3955674839672, 862.0955674839672), (586.1955674839672, 868.3955674839672)], [(408.8, 582.3), (527.3, 586.3), (564.3, 613.0), (567.0, 741.9), (489.4, 868.4000000000001), (401.0, 864.7)], [(77.9, 868.4000000000001), (25.0, 854.0), (30.4, 616.2), (76.8, 617.6), (141.2, 687.8000000000001), (144.6, 806.1)], [(28.8, 25.0), (257.1, 25.3), (271.5, 75.7), (208.8, 135.4), (92.3, 131.7), (25.0, 69.3)], [(868.4, 664.4), (859.0, 679.0), (630.0, 677.6), (605.4, 605.1), (640.7, 584.9), (859.5999999999999, 599.1)], [(39.6, 591.5), (25.0, 582.1), (26.4, 353.1), (98.9, 328.6), (119.1, 363.8), (104.9, 582.7)], [(606.6, 42.6), (832.7, 25.0), (865.9000000000001, 33.1), (868.4000000000001, 56.0), (843.4000000000001, 117.79999999999998), (614.4, 119.1)], [(180.39999999999998, 868.4000000000001), (162.7, 642.3000000000001), (170.89999999999998, 609.1), (193.7, 606.6), (255.5, 631.7), (256.9, 860.6)], [(286.8, 236.5), (60.70000000000002, 254.2), (27.5, 246.0), (25.0, 223.2), (50.10000000000002, 161.4), (279.0, 160.0)], [(157.29999999999998, 532.5), (139.7, 306.4), (147.79999999999998, 273.2), (170.6, 270.7), (232.39999999999998, 295.8), (233.79999999999998, 524.7)], [(323.1, 509.2), (333.40000000000003, 466.9), (529.2, 472.0), (561.0, 509.79999999999995), (561.6, 537.3), (528.3, 561.3), (333.8, 553.8)], [(735.1, 395.09999999999997), (724.5, 439.4), (529.9, 447.0), (496.7, 422.9), (497.29999999999995, 395.4), (529.0, 357.7), (724.9, 352.5)], [(825.8, 571.9), (781.6, 561.1999999999999), (774.0, 366.7), (798.0, 333.4), (825.5, 333.99999999999994), (863.3, 365.79999999999995), (868.4, 561.6999999999999)], [(296.5, 76.8), (307.1, 32.6), (501.6, 25.0), (534.9, 49.0), (534.3, 76.6), (502.5, 114.3), (306.7, 119.4)], [(868.4, 261.8), (857.8, 306.1), (663.3, 313.6), (630.0, 289.6), (630.6, 262.1), (662.4, 224.39999999999998), (858.2, 219.2)], [(341.1, 579.0999999999999), (383.4, 589.4), (378.2, 785.1999999999999), (340.5, 816.9), (313.0, 817.5), (289.0, 784.3), (296.5, 589.8)], [(389.2, 142.29999999999998), (577.1, 137.7), (606.4, 142.79999999999998), (608.3, 163.39999999999998), (571.1, 206.7), (392.0, 211.1)], [(300.8, 302.9), (305.2, 272.09999999999997), (332.0, 262.4), (524.7, 279.79999999999995), (517.1, 335.7), (338.5, 331.4)]]

area_corte_vertices = ([0, 0], [893.3955674839673, 0], [893.3955674839673, 893.3955674839673], [0, 893.3955674839673])
